0 0 1 4998 xxxx 5 4
1 0 2 xxxx 2468 4 5
2 0 2 1234 1234 5 4
3 0 2 4567 1243 5 4
4 0 2 12 12 5 4
5 1 0 9876 4598 4 5
6 0 1 34 12 4 5
7 1 0 34 12 4 5
8 0 1 34 12 5 4
9 1 0 4321 1234 5 4
10 1 0 12 xx 4 5
11 0 1 66 23 5 4
12 1 0 xx 23 4 5
13 1 0 xx 11 4 5
14 1 0 6789 1234 4 5
15 2 1 8764 0098 6 5
16 2 1 674532 123456 6 5
17 2 1 xxxxxx 123456 6 5
18 2 1 xx4312 123456 6 7
19 1 0 xxxxxx 1234xx 4 5
20 1 0 343538393103116566676869868788106107108 373839310575859510511646566858687104105 5 4
21 1 0 44454647646566777879710711848586107108 373839310636465666789810811959697102103 5 4
22 1 0 2223242532333435364243445253626364 2223242532333435364243445253626364 5 4
23 1 0 2223242533343536374344455253737475 2223242532333435364243445253626364 5 4
24 1 0 34353637575859510511747576929394105106 2526272863646567686961061187881081091010 4 5
25 0 1 2526272863646567686961061187881081091010 34353637575859510511747576929394105106 5 4
26 0 1 2223242532333435364243445253626364 2223242532333435364243445253626364 4 5
27 0 1 2223242532333435364243445253626364 xxxxxxxxxxxxxxxxxxxxxxxxxxxxxxxxxx 4 5
28 1 0 xxxx56 123456 5 4
29 0 1 1234 xxxx 4 5
30 1 0 2223242532333435364243445253626364 xxxxxxxxxxxxxxxxxxxxxxxxxxxxxxxxxx 5 4
31 1 0 xx23242532333435364243445253626364 2223242532333435364243445253626364 5 4
32 1 0 0001020310111213142021223031404142 0001020310111213142021223031404142 5 4
33 0 1 0001020304101112132021223031324041 0001020304101112132021224954596469 4 5
34 1 0 1234 0001020311xx13141520212230314041xx 5 4
35 0 1 xx11223344 xxxx2233 4 5
36 1 0 0001020310111213142021223031404142 0001020310111213142021223031404142 5 4
37 1 0 xx34 xx01020310xx1213142021xx3132404142 4 5
38 0 1 xxxx xx010203xx121314152021223031404142 5 4
39 0 1 1234 1234 5 4
40 0 1 1234 123 4 5
41 0 1 123 123 4 5
42 0 1 0001020310111213142021223031404142 0001020310111213142021223031404142 4 5
43 1 0 0203042324252633343536376465949596 0001020310111213142021224142757677 4 5
44 1 0 0001020310111213142021223031404142 0001020310111213142021223031414243 5 4
45 1 0 0001020310111213142021223031404142 0001020310111213142021223031414243 5 4
46 1 0 123 123 5 4
47 0 1 xxxxxxxxxxxxxxxx14xxxxxxxxxxxxxxxx xxxxxxxxxxxxxxxxxxxxxxxxxxxxxxxxxx 4 5
48 0 1 xxxxxxxxxxxxxx13142122233031404142 xxxxxxxxxx111213142021223031404142 4 5
